+639603590369
+639483951737
+639550553591
+639513321515
+639683231171
+639151156705
+639679076480
+639209694132
+639268491737
+639953466641
+639367203591
+639562771238
+639663909676
+639362500128
+639497641663
+639694435077
+639193398405
+639190079018
+639271509324
+639994493323
+639479639172
+639458548573
+639687230191
+639055506681
+639531603283
+639427972110
+639602059691
+639278743961
+639631104630
+639101337767
+639062363182
+639568973150
+639368105091
+639171442313
+639955633317
+639270727193
+639189255632
+639952156030
+639633956082
+639519767320
+639916531532
+639276852587
+639058115047
+639674212907
+639167878704
+639260888705
+639267206735
+639928028330
+639518357795
+639686829540

+639603590369
+639926318512
+639275748293
+639270114977
+639288690521
+639757920425
+639512435285
+639977995650
+639617791916
+639393535056
+639177755742
+639559266881
+639457836618
+639157959091
+639204096875
+639122015984
+639953654742
+639163111961
+639954111390
+639608739084
+639157902729
+639084743386
+639707339545
+639215907667
+639692983772
+639069121793
+639995890366
+639951855578
+639176318628
+639509939611
+639178966360
+639193641191
+639266319161
+639399100137
+639495008795
+639551265219
+639652953108
+639488687622
+639173016797
+639306267998
+639566454300
+639397315994
+639072517815
+639770725489
+639760820577
+639568355732
+639453666646
+639685910359
+639298469190
+639686829540

+639603590369
+639065148503
+639168247442
+639455320052
+639158717767
+639163053043
+639361872847
+639692004707
+639950980318
+639552489985
+639751783574
+639176634359
+639695364969
+639157475990
+639420695177
+639974221028
+639155670456
+639690169026
+639054274093
+639177956796
+639177798932
+639234247210
+639758772175
+639077250447
+639917060592
+639176153361
+639696188886
+639958474214
+639772551778
+639274243014
+639756175597
+639064381016
+639175163237
+639558406798
+639158107150
+639563219251
+639913733435
+639932864935
+639774866692
+639517749170
+639150943232
+639100155675
+639564708085
+639351177078
+639389979990
+639957111158
+639994804993
+639652604986
+639279937559
+639686829540

+639603590369
+639178250722
+639686209577
+639971787285
+639989672056
+639266811116
+639169135669
+639701507049
+639128285441
+639453396155
+639279595036
+639204946830
+639674017393
+639674082262
+639693984453
+639392912402
+639763328682
+639057375488
+639616280095
+639692189059
+639496239873
+639453555031
+639664024422
+639351701836
+639300882768
+639973185138
+639206940508
+639122065255
+639499398123
+639508964852
+639702283026
+639068470523
+639519900286
+639276350537
+639216181070
+639982984696
+639482471149
+639058513823
+639356221940
+639602535888
+639451454405
+639451408357
+639512283070
+639481224065
+639569920327
+639153091567
+639303752259
+639069641851
+639166581074
+639686829540

+639603590369
+639498774430
+639682016861
+639215969690
+639270478394
+639058403804
+639159104448
+639984007634
+639261659650
+639306864578
+639159104449
+639171558416
+639219377604
+639662390063
+639273660130
+639507089895
+639063972840
+639278178059
+639669569428
+639533450679
+639559617618
+639774422487
+639053436694
+639983130917
+639155300419
+639564383043
+639477552265
+639276903311
+639152644724
+639662550258
+639422380445
+639650358503
+639617590442
+639456656805
+639955878273
+639958615915
+639750186736
+639289031389
+639350031282
+639311439888
+639754176049
+639151185661
+639608971754
+639166173855
+639616343476
+639267520123
+639287854025
+639953253997
+639163030822
+639686829540

+639603590369
+639176587165
+639665701484
+639064468499
+639109699055
+639388709804
+639072547825
+639634793775
+639054735474
+639562732549
+639453003592
+639057232594
+639057224717
+639271724356
+639913287426
+639655375576
+639690600705
+639655777081
+639922351917
+639122275637
+639814652198
+639052365009
+639959552770
+639565417343
+639356585133
+639611975319
+639087351875
+639279021012
+639476350806
+639669141401
+639693142553
+639122046035
+639304128042
+639322163666
+639192515267
+639999089797
+639053513055
+639175031927
+639192883476
+639215784172
+639493505936
+639081230158
+639289444092
+639693205231
+639667236013
+639060595262
+639292121597
+639451756497
+639956174459
+639686829540

+639603590369
+639296676087
+639171325276
+639063223639
+639075653827
+639451000414
+639952641833
+639171438733
+639178665518
+639311123351
+639430772008
+639273802808
+639514007731
+639268478148
+639162367069
+639772187423
+639605657401
+639982555511
+639369475171
+639532247161
+639700459270
+639989041216
+639351229861
+639096344548
+639550964501
+639560520509
+639260147852
+639176674962
+639065057481
+639128732559
+639670079069
+639151095781
+639175042838
+639474452302
+639157909384
+639637115781
+639560492767
+639176290271
+639169496645
+639675018066
+639212252585
+639193924920
+639159574988
+639129862926
+639192975149
+639264120462
+639922153235
+639166621416
+639178888758
+639686829540

+639603590369
+639064037237
+639709365663
+639662168105
+639104493051
+639195587818
+639954888200
+639359767386
+639175990114
+639606431549
+639913776040
+639926298251
+639566698800
+639260297511
+639393672472
+639462798779
+639150319272
+639265349806
+639152228082
+639190950955
+639566721237
+639953951202
+639499577982
+639291768411
+639661538685
+639664396268
+639674285453
+639955531799
+639306587586
+639366783374
+639691195097
+639651976733
+639103323233
+639667035740
+639556674490
+639461516017
+639216965978
+639062268104
+639053772009
+639672788700
+639088759600
+639437073719
+639487178585
+639959224810
+639975488682
+639194242082
+639089415629
+639614524534
+639956378171
+639686829540

+639603590369
+639704682199
+639218950092
+639458140328
+639351422441
+639695228414
+639951204282
+639772400100
+639451550480
+639662259133
+639162888619
+639150949263
+639151466982
+639164219354
+639150183865
+639171407839
+639661457017
+639612906074
+639068187858
+639653351141
+639617681286
+639668170391
+639354652378
+639672163103
+639667728713
+639063596794
+639958440046
+639095327061
+639353948661
+639773395010
+639179558791
+639673078345
+639551889731
+639271439990
+639666413742
+639663847854
+639675562433
+639156225216
+639777122967
+639552368100
+639158941118
+639927812914
+639352963371
+639460117621
+639493052819
+639351790199
+639560329441
+639563092852
+639366160730
+639686829540

+639603590369
+639917785956
+639274414610
+639568413544
+639159307957
+639283546809
+639924657466
+639686829540
