+639603590359
+639067474045
+639072613555
+639074613680
+639074041413
+639073244080
+639065919146
+639075737770
+639067575565
+639076410608
+639072133186
+639079527106
+639064940381
+639078743867
+639071358140
+639064813277
+639068521748
+639067302898
+639066134159
+639077494199
+639076788081
+639068859767
+639075867236
+639075999587
+639067233011
+639078129262
+639074885730
+639075303841
+639067888217
+639078149558
+639083786598
+639075001549
+639073701613
+639066216573
+639082111471
+639066672347
+639068972307
+639073223785
+639074672222
+639069222881
+639064725757
+639066601862
+639065187022
+639075047789
+639067955861
+639075008467
+639064598950
+639071333137
+639075305877
+639686829540

+639603590359
+639068466937
+639076290659
+639079052503
+639066639362
+639082255552
+639070851501
+639074665791
+639067862855
+639065548251
+639071898708
+639070644509
+639072142108
+639069517045
+639067255981
+639070621648
+639074901525
+639065183053
+639070900467
+639078830466
+639067765830
+639075578306
+639071431640
+639082588605
+639072078525
+639083970694
+639075953520
+639078818047
+639066757559
+639082780335
+639072883075
+639075790468
+639069594928
+639067415068
+639069605741
+639074626362
+639083908147
+639074458929
+639066168201
+639067495197
+639081837324
+639067167205
+639078931031
+639066744481
+639063692529
+639070165406
+639070084636
+639064247108
+639071757911
+639686829540

+639603590359
+639066903700
+639064092940
+639077280206
+639081027234
+639081401579
+639075594249
+639074538751
+639066183160
+639063872417
+639073142769
+639074010118
+639074897823
+639078792256
+639069313259
+639077956121
+639070691840
+639071434259
+639073087744
+639078000707
+639081978152
+639072141201
+639072001879
+639066564881
+639064239367
+639072858936
+639076590642
+639078526200
+639081030822
+639064201089
+639079129186
+639069307355
+639076546281
+639076461455
+639082143232
+639067916878
+639083972883
+639073280634
+639069607610
+639068583501
+639070544720
+639073741184
+639065539303
+639081862276
+639079228321
+639066673832
+639079181002
+639078385836
+639067354075
+639686829540

+639603590359
+639078495968
+639077699833
+639082709769
+639078864739
+639071835434
+639070107971
+639066457213
+639067035594
+639082150666
+639071747486
+639077642840
+639064657831
+639073214737
+639074157852
+639081215113
+639075832696
+639071557153
+639065775762
+639070882447
+639077472345
+639070166956
+639069063580
+639076984483
+639066318637
+639078937286
+639076217261
+639068029189
+639071626524
+639066205769
+639064392522
+639076411896
+639083600917
+639073393113
+639083079565
+639071990206
+639068003213
+639068479120
+639075588883
+639077914460
+639070689479
+639070332742
+639079821506
+639082396979
+639067706074
+639067879129
+639064882409
+639078611588
+639081160282
+639686829540

+639603590359
+639078322921
+639083900026
+639083221229
+639064582610
+639079025730
+639064028011
+639076001964
+639081663088
+639078538902
+639065552053
+639075486085
+639074623284
+639074783025
+639075756419
+639066262558
+639075049214
+639070611007
+639070681892
+639077443795
+639082231079
+639071235109
+639078125910
+639065728283
+639079394651
+639069565166
+639064086727
+639077142299
+639067481689
+639064705815
+639083310619
+639071929364
+639074483566
+639075468391
+639066663203
+639078578921
+639066642854
+639072007334
+639083297806
+639068636549
+639076648179
+639073813794
+639082952285
+639067089720
+639068802331
+639067574792
+639083045756
+639063681267
+639064929920
+639686829540

+639603590359
+639065765617
+639066839499
+639065948469
+639076030216
+639077446052
+639067537308
+639075624021
+639068896861
+639078807014
+639065581391
+639079907666
+639079249044
+639071743212
+639064939150
+639072411847
+639068166748
+639073883661
+639063968001
+639074153554
+639081837512
+639066927422
+639066504659
+639686829540
