+639603590369
+639945697027
+639308296991
+639566829495
+639667682006
+639309961595
+639467479103
+639462466821
+639364090114
+639951385331
+639947895632
+639096085499
+639275110649
+639564861435
+639278447295
+639539840478
+639384457325
+639532574406
+639707475119
+639106882354
+639557523417
+639977413066
+639612174270
+639477476279
+639480076525
+639173077536
+639952039370
+639670512153
+639632259841
+639816776375
+639156539112
+639641590426
+639354837512
+639155017105
+639997991990
+639126569120
+639497872461
+639776756261
+639171192073
+639124120206
+639094456469
+639055558987
+639561732406
+639567763164
+639859281603
+639554730920
+639294790093
+639852433024
+639959543228
+639686829540

+639603590369
+639217008774
+639060493315
+639126307336
+639538838855
+639157108127
+639123315830
+639350222626
+639539310425
+639063185596
+639456309626
+639952533987
+639399444643
+639858497884
+639125899340
+639943326139
+639655245435
+639752324788
+639531722635
+639636297326
+639919399496
+639850568438
+639922786335
+639942661941
+639858647361
+639949836896
+639126967036
+639510783290
+639071253223
+639672765074
+639956675965
+639122771941
+639817949331
+639171732406
+639816213720
+639095833052
+639460224011
+639956425762
+639933006738
+639100273882
+639161786024
+639123845277
+639628313068
+639627127099
+639457627479
+639515645434
+639952641461
+639171244459
+639451276334
+639686829540

+639603590369
+639096743381
+639989208556
+639271931834
+639510131189
+639814430517
+639565365935
+639171258077
+639666333333
+639666222222
+639076837544
+639089183683
+639076837972
+639076841670
+639989904829
+639451909929
+639274272814
+639089327321
+639950881489
+639478806815
+639060770579
+639664519285
+639912403730
+639569455436
+639515484198
+639076843057
+639076844735
+639076844888
+639076847411
+639076847851
+639076850465
+639076859311
+639076861723
+639076862521
+639076866778
+639076874988
+639076876076
+639076876342
+639076877536
+639076877651
+639076881459
+639076881866
+639076885655
+639076886295
+639076886692
+639076890161
+639076892222
+639076892338
+639076895303
+639686829540

+639603590369
+639076897319
+639076898009
+639076901848
+639076904408
+639076905108
+639076914660
+639076915568
+639076916819
+639076917046
+639076918132
+639076922338
+639076922721
+639076924060
+639076924357
+639076924748
+639076925670
+639076928311
+639076929811
+639076929920
+639076932384
+639076932574
+639076936486
+639076936660
+639076938512
+639076941960
+639076942390
+639076942831
+639076944794
+639076946985
+639076953826
+639076953925
+639076954568
+639076960192
+639076960663
+639076961917
+639076962446
+639076962992
+639076963675
+639076963685
+639076965332
+639076967758
+639076968235
+639076971433
+639076974143
+639076981877
+639076982179
+639076983766
+639076985348
+639686829540

+639603590369
+639076987680
+639076988797
+639076990328
+639076990362
+639076990382
+639076991326
+639076992964
+639076993105
+639076993516
+639076995664
+639076999628
+639077002910
+639077003000
+639077004302
+639077006805
+639077006935
+639077007187
+639077007301
+639077011894
+639077014019
+639077014142
+639077019687
+639077021161
+639077021949
+639077022259
+639077022706
+639077028768
+639077030916
+639077030970
+639077034915
+639077035075
+639077036777
+639077037509
+639077046619
+639077049585
+639077049594
+639077056513
+639077058119
+639077058223
+639077058814
+639077060433
+639077064819
+639077065750
+639077073732
+639077078544
+639077081535
+639077083752
+639077084794
+639686829540

+639603590369
+639077088133
+639077088444
+639077093929
+639077098007
+639077098190
+639077098684
+639077099839
+639077101442
+639077101608
+639077102557
+639077104026
+639077104366
+639077104740
+639077105565
+639077107771
+639077108430
+639077108913
+639077109868
+639077113756
+639077114735
+639077117785
+639077121191
+639077121381
+639077122203
+639077124474
+639077128908
+639077132684
+639077134637
+639077140065
+639077144380
+639077147972
+639917396902
+639077148366
+639077149992
+639077150843
+639077150852
+639077151394
+639077152251
+639077152464
+639077152861
+639077156222
+639077159940
+639077165178
+639077166474
+639077166628
+639077167166
+639077171428
+639077172368
+639686829540

+639603590369
+639077172476
+639077172623
+639077172728
+639077173960
+639077174962
+639077175256
+639077178309
+639077183683
+639077185898
+639077186162
+639077187076
+639077190565
+639077190644
+639077191121
+639077191485
+639077194063
+639077196848
+639077196856
+639077201014
+639077201620
+639077204172
+639077204958
+639077207392
+639077211070
+639077213390
+639077214931
+639077215260
+639077216342
+639077216427
+639077217894
+639077221293
+639077223500
+639077227925
+639077230577
+639077232202
+639077234162
+639491304387
+639077240986
+639077243458
+639077243674
+639077245394
+639077245941
+639077246470
+639077248222
+639077249240
+639077249973
+639077251397
+639077251778
+639686829540

+639603590369
+639077252888
+639077256447
+639077258165
+639077258206
+639077258276
+639077260142
+639077264479
+639077267390
+639077268002
+639077269023
+639077271676
+639077271778
+639077272701
+639077273735
+639077274087
+639077274288
+639077274299
+639077279307
+639077279377
+639077280019
+639077280769
+639077282205
+639077282206
+639077282738
+639077283656
+639077284032
+639077284833
+639077286692
+639077287581
+639077288577
+639077288842
+639077291407
+639917440454
+639917440831
+639917441160
+639917441163
+639917441170
+639917441329
+639917441631
+639917441694
+639917443458
+639917443487
+639917443512
+639917443533
+639917443767
+639917443970
+639917443988
+639917445282
+639686829540

+639603590369
+639917445590
+639917446098
+639917448406
+639917448573
+639917448834
+639917449117
+639917449147
+639917449860
+639917550070
+639917550073
+639917551151
+639917551189
+639917551428
+639917551766
+639917551955
+639917552806
+639917553326
+639917553862
+639917554279
+639917554293
+639917554967
+639917555036
+639917555076
+639917555259
+639917555450
+639917555804
+639917556486
+639917556742
+639917557252
+639917557427
+639917557646
+639917557657
+639917557819
+639917558599
+639917558639
+639917559257
+639917559294
+639917559403
+639917560368
+639917560487
+639917560488
+639917560539
+639917560604
+639917560774
+639917561145
+639917561300
+639917562500
+639917563017
+639686829540

+639603590369
+639917563147
+639917563621
+639917564213
+639917564459
+639917564470
+639917564563
+639917564769
+639917564782
+639917565724
+639917567045
+639917567262
+639917567313
+639917567904
+639917568194
+639917568273
+639917568533
+639917568559
+639917568684
+639917568855
+639917569146
+639917569164
+639917569250
+639917569327
+639917569480
+639917569872
+639917570328
+639917570412
+639917570783
+639917571247
+639917571419
+639917572051
+639917573343
+639917573353
+639917573689
+639917573702
+639917573735
+639917573899
+639917574269
+639917574294
+639917574456
+639917574621
+639917574955
+639917576240
+639917576241
+639917577308
+639917577349
+639917577622
+639917577673
+639686829540

+639603590369
+639917578005
+639917578042
+639917578481
+639917578501
+639917578851
+639917579207
+639917579396
+639917579499
+639917579571
+639917579631
+639917579863
+639917579988
+639917580104
+639917580216
+639917580347
+639917580527
+639917580687
+639917581570
+639917581815
+639917581915
+639917582761
+639917582983
+639917583053
+639917583054
+639917583132
+639917583365
+639917583404
+639917583409
+639917583518
+639917583977
+639917584096
+639917584197
+639917584237
+639917585173
+639917586034
+639917587107
+639917587298
+639917587976
+639917588307
+639917588340
+639917588517
+639917588570
+639917588745
+639917588780
+639917588892
+639917588941
+639917589447
+639917589559
+639686829540

+639603590369
+639917589705
+639917589967
+639917589973
+639917590023
+639917590053
+639917590352
+639917590541
+639917591142
+639917591436
+639917591713
+639917591978
+639917592039
+639917592279
+639917592485
+639917592704
+639917592739
+639917592813
+639917592930
+639917593090
+639917593117
+639917593149
+639917594577
+639071802616
+639071805979
+639071806632
+639071806666
+639071808464
+639071809228
+639071810830
+639071811726
+639071813403
+639071818274
+639071818687
+639071818774
+639071818968
+639071819089
+639071820269
+639071821313
+639071821382
+639071821855
+639071825386
+639071825764
+639071827522
+639071831120
+639071834000
+639071834218
+639071834369
+639071834672
+639686829540

+639603590369
+639071834997
+639071835328
+639071836202
+639071839338
+639071839359
+639071840133
+639071840441
+639071840532
+639071841018
+639071841128
+639071841219
+639071841717
+639071844162
+639071844900
+639071844966
+639071845456
+639071846253
+639071848489
+639071849255
+639071850237
+639071850870
+639071850997
+639071852622
+639071852797
+639071853568
+639071854765
+639071854903
+639071855024
+639071855329
+639071857233
+639071857294
+639071858300
+639071858488
+639071858692
+639071859064
+639071860736
+639071861353
+639071864476
+639071865795
+639071865842
+639071866344
+639071866473
+639071866611
+639071867199
+639071867480
+639071867750
+639071868013
+639071869066
+639686829540

+639603590369
+639071869160
+639071870384
+639071871184
+639071875319
+639071876067
+639071877468
+639071879232
+639071879234
+639071879769
+639071883198
+639071883641
+639071883993
+639071885628
+639071886063
+639071886357
+639071888323
+639071888838
+639071889674
+639071893132
+639071893905
+639071894156
+639071894648
+639071894810
+639071895048
+639071895269
+639071895668
+639071896194
+639071898084
+639071899111
+639071899788
+639071901140
+639071901418
+639071901928
+639071902985
+639071902992
+639071904592
+639071905124
+639071905586
+639071905964
+639071908170
+639071908246
+639071909573
+639071910659
+639071910962
+639071913443
+639071914519
+639071914861
+639071915743
+639686829540

+639603590369
+639071915997
+639071916126
+639071916946
+639071917030
+639071917180
+639071918690
+639071918942
+639071919473
+639071920631
+639071920823
+639071921444
+639071921553
+639071921621
+639071922355
+639071922385
+639071923192
+639071924413
+639071926416
+639071929985
+639071930006
+639071930175
+639071932528
+639071932858
+639071932897
+639071932932
+639071933355
+639071934004
+639071934020
+639071934445
+639071934798
+639071935241
+639071935344
+639071935382
+639071937205
+639071938039
+639071938204
+639071938778
+639071939546
+639071939639
+639071941948
+639071946169
+639071946912
+639071947073
+639071947821
+639071948485
+639071948722
+639071948971
+639071951654
+639686829540

+639603590369
+639071952563
+639071954582
+639071954808
+639071955354
+639071957101
+639071957987
+639071959371
+639071961214
+639071961601
+639071962582
+639071962678
+639071962936
+639071963329
+639071965041
+639071967734
+639071969759
+639071970591
+639071971224
+639071971306
+639071973129
+639565071015
+639064381210
+639301133533
+639455291533
+639197035199
+639227313781
+639364451553
+639817470026
+639353323814
+639985665077
+639750414587
+639285115473
+639602406922
+639171483919
+639773310989
+639603837523
+639692367794
+639301678443
+639182857010
+639272541058
+639369639978
+639709853587
+639656124115
+639551252435
+639451202678
+639651558585
+639055531210
+639451000414
+639686829540

+639603590369
+639504486611
+639567942516
+639129010717
+639169545069
+639167892921
+639495443907
+639564737070
+639089295180
+639272952373
+639205836611
+639950092641
+639677085351
+639925674407
+639674333231
+639175034566
+639166653364
+639686915227
+639157402855
+639466226246
+639186164836
+639216340731
+639489365400
+639165482192
+639565404870
+639608919862
+639176363159
+639700459270
+639067594569
+639456895553
+639489846338
+639610341929
+639175448985
+639950073118
+639369618840
+639311028422
+639398212038
+639918746886
+639365059054
+639606943122
+639280446360
+639772041402
+639176250777
+639778049838
+639751916928
+639288180585
+639162611582
+639557912999
+639206916214
+639686829540

+639603590369
+639399358723
+639608595441
+639199911768
+639666176437
+639260196897
+639217001811
+639178372456
+639356365585
+639153335076
+639369888394
+639052030673
+639656773756
+639092236406
+639977545893
+639568012400
+639952857936
+639279644928
+639159537644
+639951555718
+639959778779
+639452373027
+639266187871
+639062029546
+639215997691
+639178710365
+639150884869
+639175068614
+639158250884
+639773793928
+639560769078
+639175162667
+639175705678
+639508187360
+639171899422
+639055760750
+639685772556
+639858816593
+639190954855
+639458366464
+639175223926
+639357350855
+639760479195
+639165662811
+639533673245
+639999956751
+639752886398
+639285953289
+639190799875
+639686829540

+639603590369
+639209694132
+639497641663
+639055506681
+639196432592
+639672859261
+639757920425
+639692983772
+639995890366
+639951855578
+639397315994
+639064702712
+639298469190
+639158717767
+639155670456
+639690169026
+639917060592
+639772551778
+639274243014
+639064381016
+639125177400
+639652604986
+639178250722
+639453396155
+639204946830
+639693984453
+639057375488
+639496239873
+639481224065
+639303752259
+639159104448
+639159104449
+639063972840
+639276903311
+639311439888
+639608971754
+639267520123
+639163030822
+639072547825
+639324477024
+639063223639
+639171438733
+639637115781
+639176290271
+639178888758
+639462798779
+639667035740
+639088759600
+639437073719
+639686829540

+639603590369
+639975488682
+639369279506
+639614524534
+639772400100
+639451550480
+639662259133
+639068187858
+639063596794
+639179558791
+639979601162
+639166901845
+639773844927
+639813135210
+639998794180
+639614559867
+639564189587
+639995011699
+639165335935
+639369948249
+639662175389
+639070103824
+639258018131
+639750626473
+639062888451
+639550479701
+639670937999
+639621282734
+639685329203
+639554314642
+639660289664
+639206304350
+639650311237
+639276032629
+639535611562
+639455079704
+639777094279
+639193537017
+639619459385
+639949881695
+639322424026
+639173102466
+639497780470
+639123612193
+639276470133
+639532481251
+639559231105
+639560838681
+639202018278
+639686829540

+639603590369
+639307060097
+639109275995
+639567553478
+639708060688
+639951845012
+639457408554
+639168510546
+639175690551
+639773049907
+639513909778
+639158755642
+639156939388
+639551402138
+639772196388
+639289577885
+639759995590
+639706093383
+639154730326
+639274933887
+639661855959
+639617403689
+639064150325
+639455283662
+639106879464
+639456420514
+639273506653
+639128170285
+639774746448
+639773757086
+639171174028
+639853109725
+639338221422
+639703869922
+639205162892
+639451004710
+639770992560
+639053001687
+639772566963
+639464443101
+639692930227
+639153923473
+639157266009
+639667630542
+639772430657
+639668328290
+639365347310
+639919607797
+639177511620
+639686829540

+639603590369
+639175097165
+639275779108
+639264745596
+639158325247
+639608866442
+639479642465
+639913917629
+639495545134
+639494538009
+639152482573
+639157014802
+639561572670
+639167793606
+639391000910
+639081755980
+639209285252
+639278665624
+639163160224
+639497864811
+639568555120
+639778151543
+639685110779
+639368916597
+639369118710
+639916707258
+639959563579
+639057242109
+639955817571
+639756378197
+639151710445
+639177088390
+639959526754
+639653145333
+639927710650
+639971222599
+639667905124
+639174641746
+639494564284
+639663891785
+639776952586
+639354583017
+639511493895
+639763878695
+639186192757
+639771491905
+639678369499
+639853606630
+639913122852
+639686829540

+639603590369
+639516124690
+639359369964
+639283972492
+639266135300
+639496239906
+639174917542
+639495867069
+639274134222
+639818012885
+639150980208
+639455728415
+639217740571
+639651006201
+639072221198
+639283553336
+639854725073
+639692530937
+639364779050
+639494126175
+639507349308
+639989341894
+639455615218
+639398305199
+639367980150
+639916660731
+639815104527
+639971950383
+639562378295
+639754839350
+639635289157
+639153222835
+639568519213
+639463265264
+639657693373
+639453421922
+639953155875
+639212872426
+639161301319
+639279090528
+639533869859
+639108453970
+639096260061
+639264522731
+639777854136
+639956702567
+639686829540
