+639603590359
639653716877
639703879311
639539286680
639629544747
639678590097
639151955073
639354514083
639854828833
639512128203
639910131034
639509878166
639469135672
639075033558
639166522354
639649545485
639169789270
639931787747
639187815952
639641606112
639911812089
639693358768
639511413375
639649767838
639127241607
639098805545
639631477687
639364271846
639079664486
639567422046
639702028807
639916159311
639631617427
639929248681
639161992822
639125744358
639922403898
639319892294
639480936182
639771746382
639269989335
639919005584
639299824481
639916766072
639925996073
639618437811
639611480476
639917244423
639304878159
+639686829540

+639603590359
639302509507
639467295937
639672417744
639949464007
639944778545
639271875699
639296193025
639910179041
639693002371
639568809474
639930466599
639298667276
639690680690
639658493750
639912631430
639351547518
639651372323
639563310181
639657046561
639551324262
639106354007
639159456716
639127881109
639815312663
639464109788
639920470459
639668474950
639934605736
639124974714
639513533521
639421276063
639707545155
639273079760
639657583722
639120670497
639755393690
639317733615
639613355252
639151523964
639919638873
639677680280
639163270847
639942144659
639553874375
639810108025
639526314811
639510414108
639511478148
+639686829540

+639603590359
639619829465
639695086255
639164608160
639757305123
639264406738
639649346844
639553388268
639653052353
639945562382
639219878528
639159850257
639608606620
639912975403
639481387089
639817597305
639197742189
639353921883
639260760373
639067483085
639946509014
639635533464
639321654004
639426442612
639277977919
639356150096
639059475183
639505810288
639530884690
639996514632
639285515824
639701868707
639641653301
639421964811
639625796736
639069509019
639684681264
639913645655
639542515675
639100317866
639638860267
639453192200
639930515798
639664407768
639066804932
639945766197
639067069214
639931553090
639054340210
+639686829540

+639603590359
639517147312
639469567141
639302659677
639924568726
639691021958
639625136084
639155681032
639853244947
639564120361
639456245238
639616192309
639940657748
639064063061
639976205189
639566704870
639429189274
639128895485
639511895538
639657398931
639456640804
639062561766
639914780953
639093717495
639943971942
639669572318
639525792743
639942934221
639944661450
639636657406
639623308193
639755712964
639930686478
639555426958
639331797012
639943925690
639935156368
639569369968
639621628745
639922784752
639089147899
639939920271
639686191619
639977139826
639091997115
639616609023
639912987736
639757844237
639911691885
+639686829540

+639603590359
639328857507
639925985958
639927590546
639940293200
639569965767
639920174629
639672545958
639537255061
639263402056
639356688387
639931532145
639704838080
639936600405
639206219820
639944370552
639288364119
639920627919
639506692474
639127872617
639758747932
639674289881
639977251207
639380444264
639929502178
639683040975
639947994193
639647434688
639618510039
639070160524
639649597515
639070737136
639993797584
639675376070
639665823411
639936844342
639939024726
639636377967
639057775068
639973022160
639513366608
639926316815
639702207307
639701406108
639914461774
639931381956
639106865675
639456548250
639367651275
+639686829540

+639603590359
639060838585
639858859710
639486756849
639190673177
639989392611
639658599743
639705154212
639265956917
639914281131
639552685117
639621018618
639630752908
639393022437
631527092652
639513013394
639466830359
639934194369
639925649336
639552516655
639388999916
639562540994
639930387673
639670836600
639360892841
639945340378
639633692045
639656690371
639484048140
639095434291
639667815541
639701433774
639754375349
639092877886
639984708321
639687101818
639926619315
639639645235
639770995605
639507888145
639858954261
639554589063
639302082335
639534361473
639260451422
639277359617
639621527106
639289223612
639937625624
+639686829540

+639603590359
639917204597
639925605025
639285064685
639764285633
639526359746
639381903422
639972308083
639656750826
639072795283
639815256418
639625566591
639756080034
639277795922
639096915294
639532242055
639610235852
639939317637
639362416251
639705653830
639945795370
639550769576
639120029796
639627109002
639554315250
639500297111
639569664573
639923385587
+639686829540
